Site	Population	PopCode	Latitude	Longitude	Family	Seedling	Block	ID	H20	I15	I16	I17	I18	I19	I20	D15	D16	D17	D18	D19	T4-15	T5-15	T6-15	T4-16	T5-16	T6-16	T4-17	T5-17	T6-17	T4-18	T5-18	T6-18	T4-19	T5-19	T6-19	
GS	Beinn Eighe	BE	57.63	-5.35	BE4	10	A	BE4_10_A_GS	NA	40	25	35	NA	NA	NA	28	33	NA	NA	NA	14	35	22	9	32	33	15	28	NA	37	NA	NA	NA	NA	NA	
GS	Beinn Eighe	BE	57.63	-5.35	BE7	5	C	BE7_5_C_GS	2960	240	350	360	355	475	310	21	28	14	7	21	14	28	15	9	25	28	29	21	14	23	11	7	21	17	21	
GS	Beinn Eighe	BE	57.63	-5.35	BE10	19	D	BE10_19_D_GS	2150	150	50	140	240	210	190	21	28	35	14	28	14	28	15	9	11	28	15	14	21	16	7	7	14	17	21	
GS	Beinn Eighe	BE	57.63	-5.35	BE2	26	A	BE2_26_A_GS	2240	135	265	165	255	335	450	14	12	21	14	14	14	20	8	9	11	12	15	14	7	16	7	7	14	10	7	
GS	Beinn Eighe	BE	57.63	-5.35	BE8	5	B	BE8_5_B_GS	2620	245	305	320	360	270	260	28	26	30	21	21	14	35	22	16	25	33	20	21	21	16	7	14	14	17	14	
GS	Beinn Eighe	BE	57.63	-5.35	BE5	2	A	BE5_2_A_GS	3580	230	435	435	530	500	420	21	33	30	21	28	14	28	15	9	16	33	20	21	21	16	14	14	14	17	21	
GS	Beinn Eighe	BE	57.63	-5.35	BE5	9	C	BE5_9_C_GS	2880	245	285	300	410	410	260	NA	NA	35	21	28	14	35	NA	9	25	NA	15	14	21	16	7	14	14	24	21	
GS	Beinn Eighe	BE	57.63	-5.35	BE9	29	D	BE9_29_D_GS	2770	280	265	380	260	290	320	21	33	28	21	28	14	28	15	9	25	33	15	14	14	9	7	7	14	17	21	
GS	Beinn Eighe	BE	57.63	-5.35	BE3	29	D	BE3_29_D_GS	2360	160	350	180	350	220	140	14	33	32	14	21	28	35	22	9	25	33	19	14	21	23	14	14	14	10	14	
GS	Beinn Eighe	BE	57.63	-5.35	BE3	22	B	BE3_22_B_GS	2350	200	175	295	310	270	350	NA	NA	37	21	21	28	35	NA	16	25	NA	20	21	28	23	14	21	21	24	21	
GS	Beinn Eighe	BE	57.63	-5.35	BE8	15	C	BE8_15_C_GS	2450	220	285	235	310	290	330	21	33	30	21	28	14	25	15	9	25	33	20	14	21	16	14	14	14	17	21	
GS	Beinn Eighe	BE	57.63	-5.35	BE3	10	C	BE3_10_C_GS	2470	195	265	290	360	340	150	28	28	28	21	14	0	14	8	9	11	28	8	14	7	9	7	7	14	10	7	
GS	Beinn Eighe	BE	57.63	-5.35	BE8	22	D	BE8_22_D_GS	3180	205	315	300	545	325	640	28	21	21	21	21	7	20	15	9	11	21	15	14	7	9	7	7	14	10	14	
GS	Beinn Eighe	BE	57.63	-5.35	BE5	5	B	BE5_5_B_GS	2770	195	355	300	310	410	300	28	NA	35	21	28	14	28	22	9	25	NA	15	14	21	16	7	14	14	17	21	
GS	Beinn Eighe	BE	57.63	-5.35	BE7	26	D	BE7_26_D_GS	2990	155	310	415	NA	NA	370	28	28	21	21	21	7	28	15	9	16	28	15	14	7	9	7	7	14	10	14	
GS	Beinn Eighe	BE	57.63	-5.35	BE9	15	C	BE9_15_C_GS	2320	230	215	175	305	195	310	21	33	28	14	28	14	28	15	9	16	33	15	14	14	16	7	7	14	17	21	
GS	Beinn Eighe	BE	57.63	-5.35	BE10	6	A	BE10_6_A_GS	3210	225	385	430	525	405	400	15	33	32	14	28	20	28	15	9	16	33	19	14	21	23	14	14	14	10	21	
GS	Beinn Eighe	BE	57.63	-5.35	BE7	29	A	BE7_29_A_GS	2980	220	340	250	380	440	580	21	33	30	28	28	14	28	15	9	16	33	20	21	21	9	14	14	14	10	21	
GS	Beinn Eighe	BE	57.63	-5.35	BE2	3	C	BE2_3_C_GS	2790	205	275	330	370	340	530	21	28	21	14	21	14	20	15	9	11	28	15	14	7	16	7	7	14	10	14	
GS	Beinn Eighe	BE	57.63	-5.35	BE2	15	D	BE2_15_D_GS	2520	145	230	275	290	420	460	21	21	23	14	21	14	28	15	9	16	21	20	14	14	16	7	7	21	17	21	
GS	Beinn Eighe	BE	57.63	-5.35	BE4	6	D	BE4_6_D_GS	2720	100	280	330	550	460	360	28	28	42	21	21	7	14	15	9	16	28	15	14	28	16	14	14	14	10	14	
GS	Beinn Eighe	BE	57.63	-5.35	BE10	22	B	BE10_22_B_GS	3210	255	375	520	470	380	280	25	NA	30	14	28	14	35	19	9	25	NA	20	14	21	23	14	14	14	24	21	
YA	Beinn Eighe	BE	57.63	-5.35	BE7	6	C	BE7_6_C_YA	3920	NA	453	389	590	580	630	21	17	21	13	16.5	6	11	7	14	10	5	5	20	6	8	7	7	18	1	7	
YA	Beinn Eighe	BE	57.63	-5.35	BE8	4	B	BE8_4_B_YA	3760	NA	404	531	400	550	510	14	24	21	20	20	13	14	7	7	10	5	5	20	6	8	6	14	14	1	7	
YA	Beinn Eighe	BE	57.63	-5.35	BE5	1	A	BE5_1_A_YA	4120	NA	439	495	585	580	510	21	17	26	28	20	6	14	7	14	10	5	0	12	6	0	13	14	14	1	7	
YA	Beinn Eighe	BE	57.63	-5.35	BE2	11	B	BE2_11_B_YA	2780	NA	213	187	360	350	420	21	17	14	14	25	6	14	7	14	10	5	12	20	6	14	13	14	8	1	6	
YA	Beinn Eighe	BE	57.63	-5.35	BE5	19	C	BE5_19_C_YA	3980	NA	340	402	560	710	650	14	9	16	20	13	20	21	14	24	14	7	10	20	6	8	13	14	21	7	7	
YA	Beinn Eighe	BE	57.63	-5.35	BE9	12	D	BE9_12_D_YA	3870	NA	375	367	450	710	560	17	9	14	14	24	20	27	17	24	14	7	12	20	6	14	13	14	21	7	18	
YA	Beinn Eighe	BE	57.63	-5.35	BE3	27	D	BE3_27_D_YA	4390	NA	423	613	700	790	590	21	24	26	20	13	6	14	7	7	10	5	0	12	6	8	13	14	21	7	7	
YA	Beinn Eighe	BE	57.63	-5.35	BE8	19	C	BE8_19_C_YA	3830	NA	285	450	570	691	570	21	24	21	20	13	6	14	7	14	10	12	5	20	6	8	13	14	21	7	7	
YA	Beinn Eighe	BE	57.63	-5.35	BE3	20	C	BE3_20_C_YA	4070	NA	450	490	610	636	570	21	24	20	20	13	6	11	7	7	10	5	0	10	0	8	13	14	21	7	7	
YA	Beinn Eighe	BE	57.63	-5.35	BE4	20	B	BE4_20_B_YA	3140	NA	340	430	510	533	350	21	24	26	13	20	6	14	7	7	10	5	0	5	6	8	6	7	14	1	7	
YA	Beinn Eighe	BE	57.63	-5.35	BE5	27	B	BE5_27_B_YA	4000	NA	362	462	580	740	460	7	14	NA	7	25	20	18	7	24	14	12	10	20	NA	14	10	7	20	14	18	
YA	Beinn Eighe	BE	57.63	-5.35	BE9	30	A	BE9_30_A_YA	3300	NA	412	261	345	500	540	14	19	21	14	25	20	21	14	14	14	7	5	20	6	14	13	14	8	1	6	
YA	Beinn Eighe	BE	57.63	-5.35	BE7	20	D	BE7_20_D_YA	3990	NA	458	492	530	660	520	17	9	16	14	13	20	27	17	24	14	7	10	20	6	14	13	14	21	7	7	
YA	Beinn Eighe	BE	57.63	-5.35	BE9	21	C	BE9_21_C_YA	2950	NA	134	236	350	520	570	21	31	26	13	20.5	6	14	7	7	10	12	0	12	6	8	6	7	14	1	7	
YA	Beinn Eighe	BE	57.63	-5.35	BE2	1	C	BE2_1_C_YA	2920	NA	267	328	355	440	390	17	17	14	14	17.5	20	27	17	14	10	5	12	20	6	15	13	14	17	7	7	
YA	Beinn Eighe	BE	57.63	-5.35	BE2	30	D	BE2_30_D_YA	2360	NA	200	224	300	320	340	14	9	16	14	15.5	20	21	14	24	14	7	10	20	6	15	13	14	21	7	9	
YA	Beinn Eighe	BE	57.63	-5.35	BE7	12	B	BE7_12_B_YA	3740	NA	462	485	450	600	410	21	24	21	20	15.5	6	11	7	7	10	5	5	20	6	8	6	14	18	1	6	
YA	Beinn Eighe	BE	57.63	-5.35	BE4	27	D	BE4_27_D_YA	3670	NA	359	337	540	610	570	17	24	21	20	13	20	27	17	7	10	5	5	20	6	8	6	14	21	7	7	
YA	Beinn Eighe	BE	57.63	-5.35	BE4	23	C	BE4_23_C_YA	2420	NA	112	218	260	320	430	21	24	20	20	20	6	14	7	7	10	5	0	12	0	8	6	14	14	1	7	
GS	Glen Affric	GA	57.27	-4.92	GA8	29	D	GA8_29_D_GS	2180	130	160	270	395	195	210	21	NA	30	14	28	14	28	15	9	11	NA	20	14	21	23	14	14	14	17	21	
GS	Glen Affric	GA	57.27	-4.92	GA10	22	D	GA10_22_D_GS	2260	150	295	335	300	300	150	NA	NA	37	28	21	14	35	NA	9	25	NA	20	14	28	16	7	21	14	17	14	
GS	Glen Affric	GA	57.27	-4.92	GA6	5	D	GA6_5_D_GS	1950	110	205	215	295	225	210	21	21	28	21	14	14	28	15	9	11	21	15	14	14	9	7	7	14	10	7	
GS	Glen Affric	GA	57.27	-4.92	GA1	6	A	GA1_6_A_GS	2510	155	185	260	390	420	410	21	28	25	14	21	14	20	15	9	11	28	19	14	14	16	7	7	14	10	14	
GS	Glen Affric	GA	57.27	-4.92	GA9	6	A	GA9_6_A_GS	2500	160	215	235	325	375	380	35	21	21	21	14	0	28	15	9	11	21	15	14	7	9	7	7	14	10	7	
GS	Glen Affric	GA	57.27	-4.92	GA9	15	C	GA9_15_C_GS	1640	45	190	180	215	315	80	28	21	21	21	21	7	28	15	9	11	21	15	14	7	9	7	7	14	10	14	
GS	Glen Affric	GA	57.27	-4.92	GA7	15	B	GA7_15_B_GS	2720	180	385	355	350	380	390	28	33	43	21	14	7	14	15	5	4	28	0	5	14	9	7	7	14	10	7	
GS	Glen Affric	GA	57.27	-4.92	GA6	3	B	GA6_3_B_GS	2000	125	290	155	210	240	210	28	28	28	14	21	7	14	15	9	11	28	15	14	14	16	7	7	14	17	14	
GS	Glen Affric	GA	57.27	-4.92	GA5	6	D	GA5_6_D_GS	1390	65	150	165	185	15	80	21	21	16	7	28	14	20	15	9	11	21	20	14	7	23	11	7	14	17	21	
GS	Glen Affric	GA	57.27	-4.92	GA3	29	D	GA3_29_D_GS	2120	230	275	275	305	195	70	21	28	14	14	21	14	28	15	9	16	28	29	21	14	23	14	14	14	17	14	
GS	Glen Affric	GA	57.27	-4.92	GA5	9	B	GA5_9_B_GS	2660	250	245	220	325	315	330	21	33	21	14	28	14	28	15	9	25	33	29	21	21	23	14	14	14	17	21	
GS	Glen Affric	GA	57.27	-4.92	GA1	26	D	GA1_26_D_GS	2120	240	255	265	345	175	240	15	28	32	14	28	20	28	15	9	16	28	19	14	21	23	14	14	14	17	21	
GS	Glen Affric	GA	57.27	-4.92	GA6	15	A	GA6_15_A_GS	2420	170	265	275	300	360	250	21	21	23	14	28	14	28	15	16	16	28	20	14	14	16	7	7	14	17	21	
GS	Glen Affric	GA	57.27	-4.92	GA10	15	A	GA10_15_A_GS	840	NA	100	100	70	40	40	28	21	30	14	28	7	20	15	9	16	21	20	14	21	23	14	14	14	24	21	
GS	Glen Affric	GA	57.27	-4.92	GA3	22	B	GA3_22_B_GS	2490	140	265	285	340	360	380	21	28	30	21	28	14	28	15	9	16	28	20	21	21	16	7	14	14	10	21	
GS	Glen Affric	GA	57.27	-4.92	GA7	2	C	GA7_2_C_GS	2600	130	195	360	460	410	330	28	NA	32	21	28	14	35	22	9	25	NA	19	14	21	16	7	14	14	10	21	
GS	Glen Affric	GA	57.27	-4.92	GA7	26	D	GA7_26_D_GS	3080	175	345	375	355	405	510	21	NA	35	21	28	14	20	15	9	16	NA	15	14	21	16	7	14	14	10	21	
GS	Glen Affric	GA	57.27	-4.92	GA1	3	C	GA1_3_C_GS	2100	110	170	270	330	300	390	21	28	32	14	28	14	28	15	9	16	28	19	14	21	23	14	14	14	17	21	
GS	Glen Affric	GA	57.27	-4.92	GA5	2	C	GA5_2_C_GS	2580	165	160	335	290	270	480	21	21	21	14	14	14	28	15	9	16	21	15	14	7	16	7	7	14	10	7	
GS	Glen Affric	GA	57.27	-4.92	GA8	15	C	GA8_15_C_GS	2830	270	245	340	320	470	350	21	33	30	21	28	14	28	15	9	16	33	20	14	21	16	7	14	14	17	21	
GS	Glen Affric	GA	57.27	-4.92	GA9	29	B	GA9_29_B_GS	2110	160	195	75	260	310	430	28	26	21	14	14	7	14	15	5	4	21	15	14	7	16	7	7	14	10	7	
YA	Glen Affric	GA	57.27	-4.92	GA3	27	C	GA3_27_C_YA	3570	NA	458	448	480	550	460	20	17	21	17	15.5	13	21	13	14	10	5	5	12	6	8	13	11	21	7	9	
YA	Glen Affric	GA	57.27	-4.92	GA10	27	C	GA10_27_C_YA	3330	NA	423	391	480	590	320	27	24	26	13	28	0	8	7	7	10	5	0	20	6	8	6	7	6	1	7	
YA	Glen Affric	GA	57.27	-4.92	GA8	23	D	GA8_23_D_YA	3390	NA	228	358	530	620	480	17	14	26	14	24.5	20	27	17	24	14	12	0	20	6	14	13	14	21	7	18	
YA	Glen Affric	GA	57.27	-4.92	GA10	1	D	GA10_1_D_YA	3070	NA	307	354	445	460	390	14	17	21	20	13	13	14	7	14	10	5	5	12	6	8	6	14	21	7	7	
YA	Glen Affric	GA	57.27	-4.92	GA1	23	A	GA1_23_A_YA	3740	NA	387	460	545	610	590	14	9	26	14	15.5	13	14	7	24	14	7	0	20	6	15	13	14	18	1	6	
YA	Glen Affric	GA	57.27	-4.92	GA9	11	A	GA9_11_A_YA	3870	NA	410	468	700	640	440	14	17	26	11	16.5	13	14	7	14	10	5	0	12	6	14	13	11	18	1	7	
YA	Glen Affric	GA	57.27	-4.92	GA9	12	C	GA9_12_C_YA	3100	NA	310	345	290	721	370	21	17	20	13	20	6	14	7	14	10	5	0	5	0	8	6	7	14	1	7	
YA	Glen Affric	GA	57.27	-4.92	GA8	20	A	GA8_20_A_YA	2900	NA	206	210	350	654	370	20	24	26	14	22.5	13	14	13	7	10	5	0	20	6	15	13	14	11	1	6	
YA	Glen Affric	GA	57.27	-4.92	GA7	10	B	GA7_10_B_YA	3960	NA	450	560	480	542	610	7	17	4	20	15	20	18	7	14	10	5	22	24	6	8	13	14	21	7	9	
YA	Glen Affric	GA	57.27	-4.92	GA9	1	D	GA9_1_D_YA	3370	NA	360	360	445	535	520	27	24	21	20	16.5	0	14	7	7	10	5	5	12	6	8	6	14	18	1	7	
YA	Glen Affric	GA	57.27	-4.92	GA6	25	B	GA6_25_B_YA	3960	NA	505	362	547	588	710	7	9	14	20	13	20	18	7	24	14	7	12	20	6	8	6	14	21	7	7	
YA	Glen Affric	GA	57.27	-4.92	GA10	20	B	GA10_20_B_YA	2890	NA	215	290	346	474	370	14	31	21	13	13	13	14	7	7	10	12	5	20	6	8	6	7	21	7	7	
YA	Glen Affric	GA	57.27	-4.92	GA6	27	C	GA6_27_C_YA	3330	NA	325	303	390	530	470	17	9	14	14	18	20	27	17	24	15	7	12	20	6	15	13	14	27	14	18	
YA	Glen Affric	GA	57.27	-4.92	GA3	15	A	GA3_15_A_YA	3260	NA	270	365	385	570	510	14	24	14	20	20	13	14	7	14	10	12	12	20	6	8	13	14	14	1	7	
YA	Glen Affric	GA	57.27	-4.92	GA5	30	B	GA5_30_B_YA	2250	NA	143	172	275	250	360	13	9	21	20	24	20	21	13	24	14	7	5	20	6	8	13	14	21	14	18	
YA	Glen Affric	GA	57.27	-4.92	GA1	12	D	GA1_12_D_YA	4270	NA	548	600	510	570	670	17	9	16	14	15	20	27	17	24	14	7	10	20	6	14	13	14	21	7	9	
YA	Glen Affric	GA	57.27	-4.92	GA7	20	A	GA7_20_A_YA	3900	NA	425	459	500	480	540	13	19	26	20	13	20	21	13	12	10	5	0	20	6	8	13	14	21	7	7	
YA	Glen Affric	GA	57.27	-4.92	GA3	18	B	GA3_18_B_YA	3650	NA	330	373	460	550	650	13	9	21	17	15	20	21	13	24	14	7	5	20	6	8	13	11	21	7	9	
YA	Glen Affric	GA	57.27	-4.92	GA7	23	C	GA7_23_C_YA	3150	NA	187	235	400	590	530	21	24	26	13	13	6	14	7	7	10	5	0	20	6	8	6	7	21	7	7	
YA	Glen Affric	GA	57.27	-4.92	GA5	19	A	GA5_19_A_YA	3450	NA	450	443	420	470	630	21	24	26	20	20.5	6	14	7	7	10	5	0	20	6	8	13	14	14	1	7	
YA	Glen Affric	GA	57.27	-4.92	GA5	23	C	GA5_23_C_YA	3660	NA	344	428	490	710	520	17	17	21	20	24	20	27	17	14	10	5	5	20	6	8	6	14	21	7	18	
GS	Glen Loy	GL	56.91	-5.13	GL4	6	C	GL4_6_C_GS	2260	220	275	275	185	215	260	15	28	28	14	14	20	28	15	9	16	28	15	14	14	16	7	7	14	10	7	
GS	Glen Loy	GL	56.91	-5.13	GL5	5	C	GL5_5_C_GS	2460	225	260	215	355	325	320	21	28	35	14	21	14	28	15	9	25	28	15	21	21	16	7	7	14	17	14	
GS	Glen Loy	GL	56.91	-5.13	GL6	15	D	GL6_15_D_GS	2370	245	170	155	270	450	320	21	28	35	21	21	14	28	15	9	16	28	15	14	21	9	7	7	14	10	14	
GS	Glen Loy	GL	56.91	-5.13	GL3	10	B	GL3_10_B_GS	2040	125	185	155	315	195	250	28	30	28	21	7	7	20	15	0	4	21	8	5	7	9	7	7	14	7	0	
GS	Glen Loy	GL	56.91	-5.13	GL3	26	D	GL3_26_D_GS	2430	205	305	280	320	300	280	21	21	28	14	21	7	14	8	0	11	12	8	5	7	16	7	7	0	0	0	
GS	Glen Loy	GL	56.91	-5.13	GL5	6	A	GL5_6_A_GS	2410	130	155	260	410	260	440	21	21	23	21	21	14	28	15	9	11	21	20	14	14	16	14	14	14	17	14	
GS	Glen Loy	GL	56.91	-5.13	GL8	15	D	GL8_15_D_GS	1510	260	265	305	125	375	NA	28	33	21	21	21	14	28	22	9	16	33	15	14	7	16	7	14	14	17	14	
GS	Glen Loy	GL	56.91	-5.13	GL6	2	A	GL6_2_A_GS	2720	280	295	215	275	385	370	28	12	28	21	21	7	20	15	9	11	12	8	14	7	9	7	7	14	10	14	
GS	Glen Loy	GL	56.91	-5.13	GL2	2	A	GL2_2_A_GS	2610	285	200	180	410	290	400	28	28	28	21	28	14	28	22	9	11	28	15	14	14	9	7	7	14	10	21	
GS	Glen Loy	GL	56.91	-5.13	GL2	15	B	GL2_15_B_GS	2170	100	230	160	290	340	280	21	21	21	21	28	14	28	15	9	16	21	15	14	7	9	7	7	14	17	21	
GS	Glen Loy	GL	56.91	-5.13	GL7	15	D	GL7_15_D_GS	1780	100	110	140	280	280	280	21	28	30	14	21	14	28	15	9	16	28	20	21	21	16	7	7	14	17	14	
GS	Glen Loy	GL	56.91	-5.13	GL4	10	A	GL4_10_A_GS	2810	155	290	320	360	400	370	21	28	21	14	14	14	28	15	9	11	28	15	14	7	16	7	7	14	10	7	
GS	Glen Loy	GL	56.91	-5.13	GL1	22	B	GL1_22_B_GS	1880	170	180	210	200	270	150	28	21	28	21	21	7	28	15	9	11	21	8	14	7	9	7	7	14	10	14	
GS	Glen Loy	GL	56.91	-5.13	GL7	2	A	GL7_2_A_GS	1600	150	195	235	190	110	90	22	33	21	14	21	20	35	22	9	25	33	29	21	21	23	14	14	21	21	21	
GS	Glen Loy	GL	56.91	-5.13	GL6	10	C	GL6_10_C_GS	1580	160	240	150	260	90	100	28	33	35	14	28	7	14	15	9	16	33	15	14	21	16	7	7	14	17	21	
GS	Glen Loy	GL	56.91	-5.13	GL8	22	C	GL8_22_C_GS	2480	185	300	315	260	250	310	35	28	28	21	28	0	28	15	9	16	28	8	14	7	16	14	14	14	17	21	
GS	Glen Loy	GL	56.91	-5.13	GL1	29	C	GL1_29_C_GS	2360	215	200	225	230	310	420	28	21	21	21	21	7	20	15	9	11	21	15	14	7	9	7	7	14	10	14	
GS	Glen Loy	GL	56.91	-5.13	GL3	22	C	GL3_22_C_GS	1030	30	90	70	130	190	170	35	9	21	14	21	0	20	15	0	0	0	8	0	0	9	0	0	0	3	0	
GS	Glen Loy	GL	56.91	-5.13	GL4	3	D	GL4_3_D_GS	2200	135	165	260	200	340	300	28	21	28	21	28	7	28	15	9	16	21	15	14	14	9	7	7	14	10	21	
GS	Glen Loy	GL	56.91	-5.13	GL8	29	A	GL8_29_A_GS	2120	160	75	515	200	160	200	21	28	35	28	14	14	25	15	9	16	28	15	14	21	9	7	14	14	10	7	
GS	Glen Loy	GL	56.91	-5.13	GL2	3	C	GL2_3_C_GS	2530	270	230	350	170	380	230	28	33	42	21	28	7	28	15	9	16	33	8	21	21	9	4	7	14	17	21	
GS	Glen Loy	GL	56.91	-5.13	GL1	26	A	GL1_26_A_GS	2380	130	195	265	360	420	360	28	12	28	21	21	7	20	15	9	11	12	15	14	14	9	7	7	14	10	14	
YA	Glen Loy	GL	56.91	-5.13	GL4	5	C	GL4_5_C_YA	3020	NA	183	345	440	540	410	7	17	21	13	20.5	20	18	7	14	10	5	5	20	6	8	7	7	14	7	7	
YA	Glen Loy	GL	56.91	-5.13	GL1	20	D	GL1_20_D_YA	3880	NA	372	428	550	730	700	27	19	20	13	20	0	7	7	7	0	0	0	12	0	8	6	7	14	1	7	
YA	Glen Loy	GL	56.91	-5.13	GL6	18	D	GL6_18_D_YA	2830	NA	378	345	340	433	390	21	24	15	13	20	6	14	7	7	10	5	5	13	0	8	6	7	14	1	7	
YA	Glen Loy	GL	56.91	-5.13	GL7	14	B	GL7_14_B_YA	3550	NA	325	416	465	630	620	21	24	26	13	20	6	14	7	7	10	5	0	12	6	8	7	7	14	1	7	
YA	Glen Loy	GL	56.91	-5.13	GL3	1	B	GL3_1_B_YA	3490	NA	345	398	505	560	530	27	24	NA	13	23.5	0	14	7	7	10	5	NA	0	6	8	6	7	11	1	7	
YA	Glen Loy	GL	56.91	-5.13	GL7	10	C	GL7_10_C_YA	3280	NA	255	393	430	520	510	14	17	21	13	13	13	14	7	14	10	5	5	20	6	8	7	7	21	7	7	
YA	Glen Loy	GL	56.91	-5.13	GL8	30	D	GL8_30_D_YA	3450	NA	502	472	410	460	560	31	24	20	20	20	6	27	17	7	10	5	0	5	0	8	6	14	14	1	7	
YA	Glen Loy	GL	56.91	-5.13	GL6	27	A	GL6_27_A_YA	3410	NA	190	528	510	400	540	14	24	14	7	22.5	13	14	7	7	10	5	12	20	6	14	10	7	11	1	6	
YA	Glen Loy	GL	56.91	-5.13	GL2	12	A	GL2_12_A_YA	3360	NA	337	351	490	420	470	13	17	14	14	15.5	20	21	13	14	10	5	12	20	6	14	13	14	18	1	6	
YA	Glen Loy	GL	56.91	-5.13	GL4	30	A	GL4_30_A_YA	3410	NA	422	329	500	610	510	14	17	21	14	16.5	13	14	7	14	10	5	5	20	6	14	13	14	18	1	7	
YA	Glen Loy	GL	56.91	-5.13	GL7	12	A	GL7_12_A_YA	3540	NA	295	365	520	600	530	7	9	21	14	15.5	20	18	7	24	14	7	5	20	6	14	13	14	21	7	9	
YA	Glen Loy	GL	56.91	-5.13	GL8	4	B	GL8_4_B_YA	3350	NA	245	333	430	630	510	27	24	26	13	28	0	14	7	7	10	5	0	12	6	8	6	7	6	0	7	
YA	Glen Loy	GL	56.91	-5.13	GL8	19	C	GL8_19_C_YA	3490	NA	257	331	510	540	520	27	24	26	20	27	0	14	7	7	10	5	0	20	6	8	6	14	6	1	6	
YA	Glen Loy	GL	56.91	-5.13	GL4	27	B	GL4_27_B_YA	3070	NA	415	331	285	360	470	14	24	26	13	20.5	13	14	7	7	10	5	0	5	6	8	7	7	14	1	7	
YA	Glen Loy	GL	56.91	-5.13	GL6	23	B	GL6_23_B_YA	3490	NA	198	266	445	620	670	14	9	26	13	17.5	13	14	7	24	14	7	0	12	6	8	7	7	17	7	7	
YA	Glen Loy	GL	56.91	-5.13	GL3	12	C	GL3_12_C_YA	3100	NA	282	274	400	560	410	17	19	21	20	24	20	27	17	14	14	7	5	20	6	8	13	14	21	7	18	
YA	Glen Loy	GL	56.91	-5.13	GL2	1	C	GL2_1_C_YA	4420	NA	440	502	460	720	720	31	17	15	13	20	6	27	17	14	10	5	5	13	0	8	6	7	14	7	7	
YA	Glen Loy	GL	56.91	-5.13	GL1	11	A	GL1_11_A_YA	3210	NA	274	329	460	490	670	7	17	26	17	13	20	18	7	14	10	5	0	12	6	8	13	11	21	7	7	
YA	Glen Loy	GL	56.91	-5.13	GL3	18	A	GL3_18_A_YA	4290	NA	480	587	445	720	590	14	17	20	11	20	13	14	7	14	10	5	0	12	0	14	13	11	14	7	7	
YA	Glen Loy	GL	56.91	-5.13	GL2	27	D	GL2_27_D_YA	3160	NA	223	285	300	710	390	7	9	14	20	13	20	18	7	24	14	7	12	20	6	8	13	14	21	7	7	
GS	Glen Tanar	GT	57.05	-2.86	GT8	5	B	GT8_5_B_GS	2880	220	240	325	420	400	390	15	26	30	21	28	20	28	15	16	25	33	20	21	21	23	14	21	14	17	21	
GS	Glen Tanar	GT	57.05	-2.86	GT9	9	A	GT9_9_A_GS	910	90	45	50	30	NA	NA	35	33	42	28	14	7	28	22	5	4	28	15	21	28	9	7	14	14	10	7	
GS	Glen Tanar	GT	57.05	-2.86	GT5	2	B	GT5_2_B_GS	2460	105	170	300	370	440	350	28	12	35	21	21	7	20	15	9	11	12	8	14	14	9	7	7	14	10	14	
GS	Glen Tanar	GT	57.05	-2.86	GT9	29	C	GT9_29_C_GS	2550	160	260	250	465	445	280	14	12	21	14	14	14	21	8	9	10	12	15	14	7	16	7	7	14	10	7	
GS	Glen Tanar	GT	57.05	-2.86	GT3	10	C	GT3_10_C_GS	1490	90	155	170	310	60	90	22	28	25	14	21	20	28	22	9	25	28	19	14	14	23	14	14	14	17	14	
GS	Glen Tanar	GT	57.05	-2.86	GT2	9	C	GT2_9_C_GS	1800	115	180	195	270	270	220	21	28	30	21	21	14	28	15	9	11	28	20	14	21	16	7	14	14	10	14	
GS	Glen Tanar	GT	57.05	-2.86	GT1	6	B	GT1_6_B_GS	2290	140	220	230	365	355	290	21	28	23	14	28	14	28	15	9	16	28	20	14	14	16	7	7	14	17	21	
GS	Glen Tanar	GT	57.05	-2.86	GT8	22	D	GT8_22_D_GS	2410	165	385	190	380	350	200	28	21	35	14	21	7	14	15	9	16	21	8	14	14	16	7	7	14	10	14	
GS	Glen Tanar	GT	57.05	-2.86	GT7	5	A	GT7_5_A_GS	1580	140	190	220	335	125	130	21	21	21	21	14	14	20	15	9	11	21	15	14	7	16	7	14	14	10	7	
GS	Glen Tanar	GT	57.05	-2.86	GT2	2	B	GT2_2_B_GS	1740	190	260	170	255	105	190	28	28	28	28	28	14	20	22	9	11	28	15	14	14	16	14	21	14	10	21	
GS	Glen Tanar	GT	57.05	-2.86	GT5	26	C	GT5_26_C_GS	1760	190	245	325	210	170	20	35	17	36	21	14	0	14	15	5	4	12	0	5	7	9	7	7	7	3	0	
GS	Glen Tanar	GT	57.05	-2.86	GT7	2	C	GT7_2_C_GS	2080	110	150	260	350	250	280	21	28	23	14	21	14	28	15	9	11	28	20	14	14	16	7	7	14	10	14	
GS	Glen Tanar	GT	57.05	-2.86	GT6	29	D	GT6_29_D_GS	1660	85	180	215	260	100	160	21	21	25	14	28	14	28	15	9	16	21	19	14	14	16	7	7	14	17	21	
GS	Glen Tanar	GT	57.05	-2.86	GT8	29	A	GT8_29_A_GS	2970	265	360	320	330	400	320	28	21	28	21	14	7	14	15	9	11	21	8	14	7	9	7	7	14	10	7	
GS	Glen Tanar	GT	57.05	-2.86	GT5	6	A	GT5_6_A_GS	2040	90	165	285	265	225	260	13	7	21	21	14	7	14	0	9	8	7	8	4	0	9	7	7	14	10	7	
GS	Glen Tanar	GT	57.05	-2.86	GT1	22	A	GT1_22_A_GS	1750	115	190	245	200	220	140	21	28	30	21	28	14	28	15	9	16	28	20	14	21	16	14	14	14	17	21	
GS	Glen Tanar	GT	57.05	-2.86	GT7	22	B	GT7_22_B_GS	1450	80	135	150	190	210	200	21	21	21	14	21	14	28	15	9	11	21	15	14	7	16	7	7	14	10	14	
GS	Glen Tanar	GT	57.05	-2.86	GT3	2	B	GT3_2_B_GS	2010	195	35	210	280	300	270	21	28	23	14	28	14	28	15	9	11	28	20	14	14	16	7	7	14	17	21	
GS	Glen Tanar	GT	57.05	-2.86	GT9	15	B	GT9_15_B_GS	2200	130	220	230	330	170	410	28	12	21	21	14	7	28	15	9	11	12	15	14	7	9	7	7	7	3	0	
GS	Glen Tanar	GT	57.05	-2.86	GT2	26	D	GT2_26_D_GS	2270	150	155	325	390	360	360	21	12	18	14	14	14	20	15	9	11	12	19	14	7	16	7	7	14	10	7	
GS	Glen Tanar	GT	57.05	-2.86	GT6	5	C	GT6_5_C_GS	2750	185	255	305	470	440	260	21	21	23	21	21	14	28	15	9	16	21	20	14	14	16	14	14	14	10	14	
GS	Glen Tanar	GT	57.05	-2.86	GT6	10	B	GT6_10_B_GS	2580	155	220	345	190	450	460	21	NA	21	14	28	14	28	15	9	16	NA	29	21	21	23	14	14	14	17	21	
YA	Glen Tanar	GT	57.05	-2.86	GT9	4	A	GT9_4_A_YA	3300	NA	300	358	515	450	520	14	21	14	11	20	13	14	7	7	0	2	12	20	6	14	13	11	14	1	7	
YA	Glen Tanar	GT	57.05	-2.86	GT5	18	B	GT5_18_B_YA	2450	NA	255	299	325	420	330	21	31	20	13	20	6	14	7	0	10	5	0	12	0	8	7	7	14	1	7	
YA	Glen Tanar	GT	57.05	-2.86	GT2	18	C	GT2_18_C_YA	3570	NA	418	370	520	524	450	21	17	20	13	20	6	14	7	14	10	5	0	12	0	8	6	7	14	1	7	
YA	Glen Tanar	GT	57.05	-2.86	GT5	1	D	GT5_1_D_YA	3450	NA	334	410	580	574	480	21	17	26	20	15	6	11	7	14	10	5	0	12	6	8	13	14	21	7	9	
YA	Glen Tanar	GT	57.05	-2.86	GT8	11	D	GT8_11_D_YA	3330	NA	256	320	450	586	580	21	19	14	14	15	6	14	7	14	14	7	12	20	6	14	13	14	21	7	9	
YA	Glen Tanar	GT	57.05	-2.86	GT9	30	D	GT9_30_D_YA	3540	NA	364	330	445	693	430	17	17	14	20	13	20	27	17	14	10	5	12	20	6	8	6	14	21	7	7	
YA	Glen Tanar	GT	57.05	-2.86	GT7	11	A	GT7_11_A_YA	3600	NA	375	430	600	626	520	13	12	14	10	15.5	20	21	13	19	10	5	12	20	6	15	13	11	21	7	9	
YA	Glen Tanar	GT	57.05	-2.86	GT2	27	B	GT2_27_B_YA	2970	NA	285	293	315	480	320	7	19	21	13	18.5	20	18	7	14	14	7	5	20	6	8	7	7	21	14	13	
YA	Glen Tanar	GT	57.05	-2.86	GT7	12	C	GT7_12_C_YA	3050	NA	260	314	420	510	420	7	17	21	13	13	20	18	7	14	10	5	5	12	6	8	7	7	21	7	7	
YA	Glen Tanar	GT	57.05	-2.86	GT8	19	C	GT8_19_C_YA	3160	NA	235	372	455	500	590	21	24	26	13	20	6	14	7	7	10	5	0	20	6	8	6	7	14	1	7	
YA	Glen Tanar	GT	57.05	-2.86	GT6	4	D	GT6_4_D_YA	3300	NA	328	374	430	520	470	17	9	16	14	12.5	20	27	17	24	14	7	10	20	6	14	13	14	27	14	13	
YA	Glen Tanar	GT	57.05	-2.86	GT1	23	D	GT1_23_D_YA	3150	NA	298	268	420	580	420	17	9	14	14	13	20	27	17	24	14	7	12	20	6	15	13	14	21	7	7	
YA	Glen Tanar	GT	57.05	-2.86	GT8	1	A	GT8_1_A_YA	2510	NA	145	216	360	430	260	14	14	14	10	18	13	14	7	24	17	12	12	20	6	15	13	11	27	14	18	
YA	Glen Tanar	GT	57.05	-2.86	GT5	20	A	GT5_20_A_YA	2970	NA	238	267	360	550	560	14	24	26	14	20	13	14	7	7	10	5	0	12	6	15	13	14	14	7	7	
YA	Glen Tanar	GT	57.05	-2.86	GT1	11	A	GT1_11_A_YA	2630	NA	187	188	335	370	390	7	14	14	14	24.5	20	18	7	24	14	12	12	20	6	15	13	14	21	7	18	
YA	Glen Tanar	GT	57.05	-2.86	GT6	27	A	GT6_27_A_YA	3220	NA	205	298	400	500	560	13	9	14	7	15.5	20	21	13	24	14	7	12	20	6	21	17	14	21	7	9	
YA	Glen Tanar	GT	57.05	-2.86	GT9	18	B	GT9_18_B_YA	3070	NA	225	284	360	480	420	20	9	21	20	19	13	21	13	24	14	7	5	20	6	8	6	14	14	1	6	
YA	Glen Tanar	GT	57.05	-2.86	GT2	23	D	GT2_23_D_YA	2900	NA	203	237	320	470	470	17	9	14	14	13.5	20	27	17	24	14	7	12	20	6	15	13	14	21	7	7	
YA	Glen Tanar	GT	57.05	-2.86	GT6	30	C	GT6_30_C_YA	3460	NA	205	407	370	510	670	7	9	21	20	13.5	20	18	7	24	14	7	5	20	6	8	13	14	21	7	7	
GS	Rhidorroch	RD	57.89	-4.98	RD10	6	C	RD10_6_C_GS	1930	150	185	170	245	245	250	28	21	21	14	28	7	28	15	9	11	21	15	14	7	16	7	7	14	17	21	
GS	Rhidorroch	RD	57.89	-4.98	RD9	5	B	RD9_5_B_GS	1880	165	125	220	235	225	190	21	33	35	21	28	14	25	15	9	16	33	15	21	21	23	14	21	14	24	21	
GS	Rhidorroch	RD	57.89	-4.98	RD7	15	B	RD7_15_B_GS	2160	170	165	195	270	290	340	21	33	28	21	21	14	28	15	9	25	33	15	14	14	9	7	7	14	17	14	
GS	Rhidorroch	RD	57.89	-4.98	RD5	5	A	RD5_5_A_GS	2060	140	190	160	185	395	170	28	21	21	21	14	7	14	15	0	11	12	15	14	7	9	7	7	14	10	7	
GS	Rhidorroch	RD	57.89	-4.98	RD3	2	D	RD3_2_D_GS	2050	110	215	225	270	340	120	21	28	30	14	21	14	28	15	9	16	28	20	14	21	16	7	7	14	17	14	
GS	Rhidorroch	RD	57.89	-4.98	RD10	22	B	RD10_22_B_GS	2340	160	250	305	300	300	160	28	NA	30	28	21	14	35	22	9	25	NA	20	14	21	16	7	21	14	10	14	
GS	Rhidorroch	RD	57.89	-4.98	RD9	6	D	RD9_6_D_GS	2500	240	230	310	350	280	170	15	NA	28	21	28	20	28	15	16	25	NA	29	21	28	23	14	21	14	24	21	
GS	Rhidorroch	RD	57.89	-4.98	RD8	22	D	RD8_22_D_GS	2860	160	225	215	445	425	450	21	28	35	14	21	14	20	15	9	11	28	15	14	21	16	7	7	14	10	14	
GS	Rhidorroch	RD	57.89	-4.98	RD7	29	A	RD7_29_A_GS	2170	235	305	290	220	280	90	14	26	28	21	14	14	20	8	5	4	21	8	14	7	9	7	7	14	10	7	
GS	Rhidorroch	RD	57.89	-4.98	RD8	29	B	RD8_29_B_GS	2300	160	250	200	415	355	290	21	28	28	21	21	14	28	15	9	16	28	15	14	14	9	7	7	14	10	14	
GS	Rhidorroch	RD	57.89	-4.98	RD10	10	D	RD10_10_D_GS	2600	230	330	350	350	270	300	21	33	35	21	21	14	28	15	9	25	33	15	21	21	16	14	14	14	10	14	
GS	Rhidorroch	RD	57.89	-4.98	RD5	10	C	RD5_10_C_GS	2350	190	325	205	320	360	240	21	33	30	14	28	14	28	15	9	25	33	20	14	21	23	14	14	14	10	21	
GS	Rhidorroch	RD	57.89	-4.98	RD1	10	C	RD1_10_C_GS	2640	240	280	290	390	300	440	21	28	23	14	28	14	28	15	9	11	28	20	14	14	16	7	7	14	10	21	
GS	Rhidorroch	RD	57.89	-4.98	RD2	2	C	RD2_2_C_GS	2890	195	285	380	370	350	560	35	33	36	14	21	0	28	15	9	11	33	0	14	7	16	7	7	14	17	14	
GS	Rhidorroch	RD	57.89	-4.98	RD8	15	C	RD8_15_C_GS	2050	190	155	155	175	225	310	21	NA	37	21	28	14	25	15	9	32	NA	20	14	28	16	7	14	14	10	21	
GS	Rhidorroch	RD	57.89	-4.98	RD3	29	C	RD3_29_C_GS	1860	100	175	175	205	195	330	28	21	28	21	28	14	28	22	9	16	21	8	14	7	9	7	7	0	3	7	
GS	Rhidorroch	RD	57.89	-4.98	RD5	6	D	RD5_6_D_GS	2690	195	300	220	460	460	270	28	28	28	14	21	7	14	15	9	11	28	15	14	14	16	7	7	14	10	14	
GS	Rhidorroch	RD	57.89	-4.98	RD3	26	B	RD3_26_B_GS	2360	185	230	275	320	230	410	28	28	32	14	28	7	20	15	9	16	28	19	14	21	23	14	14	14	10	21	
GS	Rhidorroch	RD	57.89	-4.98	RD7	5	C	RD7_5_C_GS	2240	180	235	230	380	250	270	28	21	35	21	14	7	20	15	9	16	21	8	14	14	9	7	7	14	10	7	
GS	Rhidorroch	RD	57.89	-4.98	RD2	9	D	RD2_9_D_GS	2210	155	215	250	320	320	310	28	21	36	21	21	7	20	15	9	16	21	0	14	7	9	7	7	14	17	14	
GS	Rhidorroch	RD	57.89	-4.98	RD1	6	A	RD1_6_A_GS	3060	225	290	465	360	390	520	19	28	30	21	21	20	35	19	9	11	28	20	14	21	16	7	14	14	17	14	
YA	Rhidorroch	RD	57.89	-4.98	RD9	4	B	RD9_4_B_YA	2720	NA	325	337	355	270	400	13	19	16	13	15.5	20	21	13	14	14	7	10	20	6	8	6	7	21	7	9	
YA	Rhidorroch	RD	57.89	-4.98	RD7	7	B	RD7_7_B_YA	3570	NA	408	461	590	620	450	27	24	26	20	23.5	0	14	7	7	10	5	0	12	6	8	13	14	11	1	7	
YA	Rhidorroch	RD	57.89	-4.98	RD3	23	A	RD3_23_A_YA	3250	NA	315	373	410	460	430	7	19	21	7	22.5	20	18	7	12	10	5	5	20	6	21	17	14	11	1	6	
YA	Rhidorroch	RD	57.89	-4.98	RD5	18	A	RD5_18_A_YA	3310	NA	352	400	535	550	340	21	24	26	13	28	6	14	7	7	10	5	0	12	6	8	6	7	6	1	7	
YA	Rhidorroch	RD	57.89	-4.98	RD10	30	A	RD10_30_A_YA	3320	NA	317	368	390	370	610	13	19	14	14	15	20	21	13	14	14	7	12	20	6	15	13	14	21	7	9	
YA	Rhidorroch	RD	57.89	-4.98	RD3	19	D	RD3_19_D_YA	3740	NA	324	434	550	540	720	14	19	26	20	13	13	14	7	12	10	5	0	20	6	8	13	14	21	7	7	
YA	Rhidorroch	RD	57.89	-4.98	RD7	14	D	RD7_14_D_YA	3890	NA	432	499	515	650	540	21	17	21	13	20	6	11	7	14	10	5	5	20	6	8	6	7	14	1	7	
YA	Rhidorroch	RD	57.89	-4.98	RD10	11	B	RD10_11_B_YA	3050	NA	270	310	450	472	430	21	17	14	20	24.5	6	14	7	14	10	5	12	20	6	8	13	14	21	7	18	
YA	Rhidorroch	RD	57.89	-4.98	RD9	30	D	RD9_30_D_YA	3550	NA	344	330	410	582	550	14	9	NA	14	18	20	21	14	24	15	7	20	26	NA	21	20	21	27	14	18	
YA	Rhidorroch	RD	57.89	-4.98	RD8	11	B	RD8_11_B_YA	2900	NA	228	275	375	429	370	7	24	14	13	13	20	18	7	14	14	12	13	20	6	8	7	7	21	7	7	
YA	Rhidorroch	RD	57.89	-4.98	RD5	30	C	RD5_30_C_YA	3500	NA	300	370	470	602	570	27	24	20	13	13	0	14	7	7	10	5	0	12	0	8	6	7	21	7	7	
YA	Rhidorroch	RD	57.89	-4.98	RD2	20	A	RD2_20_A_YA	1900	NA	225	156	200	210	160	13	14	6	11	31	20	21	13	24	17	12	20	23	6	18	13	14	14	1	18	
YA	Rhidorroch	RD	57.89	-4.98	RD1	23	C	RD1_23_C_YA	3120	NA	298	368	470	520	410	7	19	21	13	13	20	18	7	14	14	7	5	20	6	8	7	7	21	7	7	
YA	Rhidorroch	RD	57.89	-4.98	RD9	18	C	RD9_18_C_YA	3700	NA	370	469	425	560	570	14	24	26	13	13	13	14	7	7	10	5	0	12	6	8	7	7	21	7	7	
YA	Rhidorroch	RD	57.89	-4.98	RD2	22	C	RD2_22_C_YA	2450	NA	135	271	250	460	440	21	19	26	20	13	6	14	7	14	14	7	0	12	6	8	13	14	21	7	7	
YA	Rhidorroch	RD	57.89	-4.98	RD3	4	C	RD3_4_C_YA	2290	NA	125	203	260	420	330	17	24	26	20	17.5	20	27	17	14	10	12	0	12	6	8	13	14	17	7	7	
YA	Rhidorroch	RD	57.89	-4.98	RD5	17	D	RD5_17_D_YA	3920	NA	443	574	515	830	280	21	17	21	13	20	6	14	7	14	10	5	5	20	6	8	7	7	14	1	7	
YA	Rhidorroch	RD	57.89	-4.98	RD2	11	B	RD2_11_B_YA	1770	NA	75	208	70	320	350	27	24	20	20	13	0	14	7	14	10	12	0	10	0	8	13	14	21	7	7	
YA	Rhidorroch	RD	57.89	-4.98	RD7	12	C	RD7_12_C_YA	3000	NA	245	354	445	460	370	14	17	21	13	16.5	13	14	7	14	10	5	5	12	6	8	6	7	18	1	7	
YA	Rhidorroch	RD	57.89	-4.98	RD1	12	D	RD1_12_D_YA	3740	NA	282	428	560	740	540	31	24	26	13	24	6	27	17	7	10	5	0	20	6	8	6	7	21	7	18	
YA	Rhidorroch	RD	57.89	-4.98	RD1	2	A	RD1_2_A_YA	3450	NA	205	332	490	630	660	21	24	26	13	20	6	14	7	14	10	12	0	20	6	8	6	7	14	1	7	
